% 24h 450kW Load Power
Load = [98.4 83.1 80.5 79.1 76.7 78.9 129.9 228.8 355.4 426.3 433.7 362.5 229.6 206.3 ...
    193.3 256.2 323.4 457.3 478.9 423.6 273.2 202.6 153.3 103.2];
% 24h 200kW WT Actural Power
Pw=[66.9	68.2	71.9	72	78.8	94.8	114.3	145.1	155.5	142.1	115.9	127.1	141.8	145.6...
    145.3	150	206.9	225.5	236.1	210.8	198.6	177.9	147.2	58.7];
% 24h 120kW PV Actural Power
Ppv=[0	0	0	0	0.06	6.54	20.19	39.61	49.64	88.62	101.59	105.59	110.46	97.41	61.53...
    50.76	20.6	25.08	8.88	0	0	0	0	0];
% TOU Price
% VPP Purchase Price
C_buy=[0.25	0.25	0.25	0.25	0.25	0.25	0.25	0.53	0.53	0.53	0.82	0.82...
    0.82	0.82	0.82	0.53	0.53	0.53	0.82	0.82	0.82	0.53	0.53	0.53];
C_sell=[0.22	0.22	0.22	0.22	0.22	0.22	0.22	0.42	0.42	0.42	0.65	0.65...
    0.65	0.65	0.65	0.42	0.42	0.42	0.65	0.65	0.65	0.42	0.42	0.42];
% VPP Sale Price
C_VPP=[0.23	0.23	0.23	0.23	0.23	0.23	0.23	0.45	0.45	0.45	0.70	0.70...
    0.70	0.70	0.70	0.45	0.45	0.45	0.70	0.70	0.70	0.45	0.45	0.45];
